C
C  1    1.52618
C   2    1.53616  1 111.0152
C   3    1.53726  2 113.2586  1 -177.4457
C   4    1.52888  3 113.4364  2 -64.4558
H   1    1.11093  2 110.3273  3 -60.5513
H   1    1.11044  6 108.6745  2 120.1901
H   1    1.11090  7 108.6281  6 -118.6821
H   2    1.10971  1 108.1104  3 121.2787
H   2    1.11173  9 108.9088  1 -118.0298
H   3    1.11226  4 109.4062  2 122.9790
H   3    1.11225  11 108.1500  4 -116.8943
H   4    1.11165  5 109.5026  3 -123.0248
H   4    1.11166  13 108.0938  5 117.2482
H   5    1.10875  4 111.3123  9  33.7416
H   5    1.11070  15 109.4459  4 122.1532
H   5    1.11039  15 107.8000  16 117.9654
