C
C  1    1.52618
C   2    1.53617  1 111.0153
C   3    1.53725  2 113.2584  1 177.4451
C   4    1.52888  3 113.4367  2  64.4554
H   1    1.11044  2 109.6029  3 -180.0000
H   1    1.11093  6 108.6746  2 120.6379
H   1    1.11090  6 108.6288  7 118.6823
H   2    1.10970  1 108.1102  3 -121.2785
H   2    1.11172  9 108.9091  1 118.0299
H   3    1.11224  4 107.5728  2 119.7628
H   3    1.11225  11 108.1500  4 -118.0732
H   4    1.11166  5 109.5028  3 123.0255
H   4    1.11166  13 108.0932  5 -117.2475
H   5    1.11039  4 109.3183  14  57.7557
H   5    1.11070  15 108.6177  4 120.3682
H   5    1.10875  15 107.7995  16 118.4976
